5.400000000000000355e+00 0.000000000000000000e+00 1.389999999999999874e-07 4.380000000000000004e-01 4.099999999999999756e-01
7.559999999999999432e+01 1.000000000000000000e+00 2.009999999999999883e-09 2.089999999999999913e-01 2.300000000000000100e-01
1.224000000000000057e+02 1.000000000000000000e+00 9.599999999999999936e-10 5.819999999999999618e-01 1.700000000000000122e-01
9.300000000000000711e+00 0.000000000000000000e+00 1.020000000000000001e-07 3.750000000000000000e-01 2.700000000000000178e-01
1.819999999999999929e+01 1.000000000000000000e+00 2.080000000000000096e-08 4.390000000000000013e-01 2.099999999999999922e-01
1.539000000000000057e+02 0.000000000000000000e+00 2.670000000000000086e-09 6.119999999999999885e-01 2.700000000000000178e-01
2.176999999999999886e+02 1.000000000000000000e+00 4.270000000000000247e-10 6.580000000000000293e-01 1.499999999999999944e-01
8.300000000000000711e+00 0.000000000000000000e+00 6.490000000000000543e-08 2.000000000000000111e-01 2.600000000000000089e-01
2.519999999999999929e+01 1.000000000000000000e+00 1.240000000000000019e-08 2.670000000000000151e-01 2.200000000000000011e-01
3.789999999999999858e+01 1.000000000000000000e+00 3.270000000000000082e-09 2.949999999999999845e-01 2.300000000000000100e-01
2.593999999999999773e+02 1.000000000000000000e+00 4.950000000000000484e-10 4.889999999999999902e-01 8.999999999999999667e-02
3.401999999999999886e+02 1.000000000000000000e+00 2.189999999999999934e-10 6.570000000000000284e-01 1.499999999999999944e-01
1.130000000000000071e+01 0.000000000000000000e+00 6.849999999999999796e-08 1.930000000000000049e-01 2.500000000000000000e-01
2.439999999999999858e+01 1.000000000000000000e+00 1.860000000000000112e-08 2.859999999999999765e-01 2.399999999999999911e-01
4.789999999999999858e+01 1.000000000000000000e+00 6.349999999999999785e-09 4.269999999999999907e-01 2.099999999999999922e-01
6.450000000000000000e+01 1.000000000000000000e+00 1.499999999999999990e-09 4.159999999999999809e-01 1.300000000000000044e-01
3.921000000000000227e+02 1.000000000000000000e+00 2.990000000000000015e-10 6.660000000000000364e-01 2.000000000000000042e-02
4.900000000000000000e+02 1.000000000000000000e+00 1.229999999999999888e-10 6.199999999999999956e-01 1.600000000000000033e-01
1.450000000000000000e+01 0.000000000000000000e+00 4.820000000000000147e-08 6.519999999999999407e-02 4.199999999999999845e-01
2.960000000000000142e+01 0.000000000000000000e+00 2.979999999999999884e-08 3.099999999999999978e-01 2.999999999999999889e-01
4.750000000000000000e+01 1.000000000000000000e+00 8.099999999999999739e-09 3.499999999999999778e-01 2.399999999999999911e-01
7.750000000000000000e+01 1.000000000000000000e+00 3.709999999999999803e-09 5.490000000000000435e-01 1.799999999999999933e-01
9.790000000000000568e+01 0.000000000000000000e+00 1.509999999999999955e-09 1.669999999999999957e-02 7.399999999999999911e-01
5.521000000000000227e+02 0.000000000000000000e+00 3.710000000000000113e-10 5.460000000000000409e-01 2.899999999999999800e-01
6.670000000000000000e+02 1.000000000000000000e+00 7.770000000000000052e-11 6.239999999999999991e-01 1.600000000000000033e-01
1.359999999999999964e+01 0.000000000000000000e+00 3.589999999999999721e-08 7.299999999999999545e-02 3.400000000000000244e-01
3.510000000000000142e+01 1.000000000000000000e+00 1.390000000000000039e-08 2.119999999999999940e-01 2.200000000000000011e-01
5.489999999999999858e+01 1.000000000000000000e+00 9.310000000000000317e-09 2.700000000000000178e-01 2.700000000000000178e-01
7.740000000000000568e+01 0.000000000000000000e+00 1.020000000000000035e-08 6.139999999999999902e-01 2.700000000000000178e-01
1.139000000000000057e+02 1.000000000000000000e+00 2.190000000000000089e-09 6.300000000000000044e-01 1.700000000000000122e-01
1.380999999999999943e+02 0.000000000000000000e+00 1.950000000000000090e-09 3.599999999999999867e-01 5.400000000000000355e-01
7.392999999999999545e+02 0.000000000000000000e+00 2.119999999999999917e-10 3.960000000000000187e-01 3.499999999999999778e-01
8.713999999999999773e+02 1.000000000000000000e+00 5.209999999999999974e-11 6.290000000000000036e-01 1.600000000000000033e-01
1.739999999999999858e+01 1.000000000000000000e+00 7.000000000000000477e-08 1.779999999999999916e-01 2.899999999999999800e-01
3.500000000000000000e+01 0.000000000000000000e+00 5.410000000000000136e-08 5.709999999999999520e-01 2.700000000000000178e-01
6.270000000000000284e+01 1.000000000000000000e+00 9.370000000000000524e-09 3.190000000000000058e-01 2.000000000000000111e-01
8.709999999999999432e+01 1.000000000000000000e+00 4.920000000000000381e-09 3.230000000000000093e-01 2.399999999999999911e-01
1.142000000000000028e+02 0.000000000000000000e+00 7.060000000000000022e-09 6.840000000000000524e-01 2.700000000000000178e-01
1.571999999999999886e+02 1.000000000000000000e+00 1.279999999999999923e-09 6.480000000000000204e-01 1.600000000000000033e-01
1.851999999999999886e+02 1.000000000000000000e+00 5.610000000000000273e-10 7.379999999999999893e-01 1.600000000000000033e-01
9.538999999999999773e+02 0.000000000000000000e+00 1.659999999999999954e-10 5.420000000000000373e-01 2.899999999999999800e-01
1.103099999999999909e+03 1.000000000000000000e+00 3.740000000000000139e-11 6.590000000000000302e-01 1.499999999999999944e-01
2.160000000000000142e+01 1.000000000000000000e+00 1.499999999999999866e-08 3.289999999999999869e-02 4.299999999999999933e-01
4.100000000000000000e+01 0.000000000000000000e+00 1.979999999999999863e-08 2.949999999999999845e-01 2.000000000000000111e-01
6.350000000000000000e+01 1.000000000000000000e+00 7.029999999999999919e-09 6.769999999999999629e-02 3.900000000000000133e-01
9.709999999999999432e+01 1.000000000000000000e+00 4.240000000000000248e-09 4.819999999999999979e-02 5.799999999999999600e-01
1.262000000000000028e+02 1.000000000000000000e+00 2.790000000000000085e-09 3.049999999999999933e-01 2.500000000000000000e-01
1.579000000000000057e+02 0.000000000000000000e+00 3.449999999999999874e-09 5.809999999999999609e-01 2.800000000000000266e-01
2.073000000000000114e+02 1.000000000000000000e+00 9.560000000000000074e-10 7.489999999999999991e-01 1.400000000000000133e-01
2.390999999999999943e+02 1.000000000000000000e+00 4.730000000000000210e-10 9.919999999999999929e-01 4.000000000000000083e-02
1.196000000000000000e+03 1.000000000000000000e+00 3.919999999999999776e-11 2.620000000000000107e-01 2.000000000000000111e-01
1.360599999999999909e+03 1.000000000000000000e+00 2.769999999999999870e-11 6.610000000000000320e-01 1.300000000000000044e-01
5.099999999999999645e+00 1.000000000000000000e+00 1.010000000000000044e-07 2.750000000000000222e-01 2.300000000000000100e-01
4.729999999999999716e+01 1.000000000000000000e+00 7.349999999999999641e-09 5.600000000000000117e-02 3.499999999999999778e-01
7.159999999999999432e+01 1.000000000000000000e+00 8.099999999999999739e-09 1.479999999999999927e-01 3.200000000000000067e-01
9.890000000000000568e+01 0.000000000000000000e+00 1.139999999999999951e-08 5.530000000000000471e-01 2.800000000000000266e-01
1.384000000000000057e+02 1.000000000000000000e+00 2.629999999999999810e-09 2.300000000000000100e-01 2.899999999999999800e-01
1.721999999999999886e+02 1.000000000000000000e+00 1.850000000000000022e-09 3.629999999999999893e-01 2.200000000000000011e-01
2.085000000000000000e+02 0.000000000000000000e+00 2.820000000000000188e-09 6.740000000000000435e-01 2.700000000000000178e-01
2.641999999999999886e+02 1.000000000000000000e+00 6.719999999999999542e-10 7.520000000000000018e-01 1.400000000000000133e-01
2.998999999999999773e+02 1.000000000000000000e+00 2.800000000000000154e-10 7.810000000000000275e-01 1.499999999999999944e-01
1.465099999999999909e+03 1.000000000000000000e+00 4.629999999999999780e-11 5.580000000000000515e-01 1.600000000000000033e-01
1.648700000000000045e+03 1.000000000000000000e+00 2.159999999999999843e-11 7.429999999999999938e-01 1.300000000000000044e-01
7.599999999999999645e+00 0.000000000000000000e+00 6.209999999999999624e-07 5.919999999999999707e-01 3.900000000000000133e-01
1.519999999999999929e+01 0.000000000000000000e+00 1.919999999999999987e-08 2.700000000000000143e-03 8.499999999999999778e-01
8.009999999999999432e+01 1.000000000000000000e+00 5.559999999999999825e-09 1.069999999999999979e-01 2.999999999999999889e-01
1.092999999999999972e+02 1.000000000000000000e+00 4.350000000000000074e-09 1.590000000000000024e-01 3.099999999999999978e-01
1.413000000000000114e+02 0.000000000000000000e+00 7.099999999999999884e-09 6.580000000000000293e-01 2.500000000000000000e-01
1.865000000000000000e+02 1.000000000000000000e+00 1.699999999999999920e-09 2.419999999999999929e-01 2.800000000000000266e-01
2.249000000000000057e+02 1.000000000000000000e+00 1.219999999999999923e-09 3.430000000000000271e-01 2.300000000000000100e-01
2.660000000000000000e+02 0.000000000000000000e+00 2.199999999999999848e-09 8.970000000000000195e-01 2.200000000000000011e-01
3.281999999999999886e+02 1.000000000000000000e+00 4.859999999999999761e-10 7.510000000000000009e-01 1.400000000000000133e-01
3.675000000000000000e+02 1.000000000000000000e+00 2.350000000000000157e-10 1.030000000000000027e+00 1.000000000000000056e-01
1.761799999999999955e+03 1.000000000000000000e+00 2.059999999999999866e-11 1.960000000000000075e-01 2.500000000000000000e-01
1.962700000000000045e+03 1.000000000000000000e+00 1.750000000000000096e-11 8.349999999999999645e-01 1.100000000000000006e-01
6.000000000000000000e+00 1.000000000000000000e+00 2.280000000000000034e-07 3.870000000000000107e-01 2.500000000000000000e-01
1.880000000000000071e+01 0.000000000000000000e+00 1.179999999999999978e-07 2.209999999999999964e+00 2.500000000000000000e-01
2.850000000000000000e+01 1.000000000000000000e+00 4.399999999999999695e-09 1.059999999999999970e-01 2.399999999999999911e-01
1.200000000000000000e+02 0.000000000000000000e+00 1.750000000000000119e-08 8.719999999999999973e-01 2.200000000000000011e-01
1.538000000000000114e+02 1.000000000000000000e+00 2.609999999999999879e-09 1.590000000000000024e-01 3.099999999999999978e-01
1.985000000000000000e+02 1.000000000000000000e+00 1.850000000000000022e-09 1.519999999999999962e-01 3.599999999999999867e-01
2.414000000000000057e+02 1.000000000000000000e+00 1.139999999999999992e-09 2.280000000000000082e-01 2.899999999999999800e-01
2.846000000000000227e+02 1.000000000000000000e+00 8.000000000000000291e-10 4.169999999999999818e-01 1.600000000000000033e-01
3.901999999999999886e+02 1.000000000000000000e+00 5.829999999999999513e-10 4.969999999999999973e-01 2.300000000000000100e-01
3.993999999999999773e+02 0.000000000000000000e+00 4.929999999999999519e-10 7.059999999999999609e-01 1.600000000000000033e-01
4.420000000000000000e+02 1.000000000000000000e+00 9.769999999999999608e-11 2.780000000000000249e-01 1.700000000000000122e-01
2.086599999999999909e+03 0.000000000000000000e+00 3.940000000000000094e-11 2.859999999999999765e-01 3.599999999999999867e-01
2.304099999999999909e+03 1.000000000000000000e+00 1.380000000000000017e-11 8.349999999999999645e-01 1.100000000000000006e-01
8.199999999999999289e+00 1.000000000000000000e+00 1.879999999999999894e-07 3.760000000000000009e-01 2.500000000000000000e-01
1.639999999999999858e+01 1.000000000000000000e+00 6.430000000000000005e-08 6.320000000000000062e-01 2.000000000000000111e-01
3.350000000000000000e+01 1.000000000000000000e+00 2.010000000000000131e-08 4.729999999999999760e-01 2.200000000000000011e-01
5.400000000000000000e+01 1.000000000000000000e+00 4.939999999999999898e-09 1.719999999999999862e-01 2.300000000000000100e-01
1.668000000000000114e+02 1.000000000000000000e+00 1.759999999999999919e-09 1.019999999999999934e-01 3.099999999999999978e-01
2.053000000000000114e+02 1.000000000000000000e+00 1.739999999999999988e-09 1.799999999999999933e-01 2.899999999999999800e-01
2.465000000000000000e+02 1.000000000000000000e+00 1.230000000000000095e-09 5.180000000000000160e-01 7.000000000000000666e-02
3.035000000000000000e+02 1.000000000000000000e+00 8.270000000000000393e-10 2.389999999999999902e-01 2.800000000000000266e-01
3.511000000000000227e+02 1.000000000000000000e+00 6.009999999999999926e-10 3.049999999999999933e-01 2.500000000000000000e-01
4.013999999999999773e+02 1.000000000000000000e+00 4.649999999999999969e-10 6.660000000000000364e-01 4.000000000000000083e-02
4.763999999999999773e+02 1.000000000000000000e+00 2.630000000000000224e-10 6.660000000000000364e-01 1.600000000000000033e-01
5.235000000000000000e+02 1.000000000000000000e+00 1.180000000000000061e-10 7.339999999999999858e-01 1.600000000000000033e-01
2.437699999999999818e+03 0.000000000000000000e+00 3.359999999999999900e-11 3.360000000000000209e-01 3.699999999999999956e-01
2.673199999999999818e+03 1.000000000000000000e+00 1.190000000000000059e-11 9.889999999999999902e-01 8.000000000000000167e-02
1.050000000000000000e+01 1.000000000000000000e+00 1.989999999999999952e-07 5.350000000000000311e-01 2.399999999999999911e-01
1.980000000000000071e+01 1.000000000000000000e+00 5.879999999999999713e-08 5.370000000000000329e-01 2.099999999999999922e-01
3.019999999999999929e+01 1.000000000000000000e+00 2.960000000000000035e-08 8.649999999999999911e-01 1.600000000000000033e-01
5.139999999999999858e+01 1.000000000000000000e+00 1.009999999999999945e-08 5.460000000000000409e-01 2.000000000000000111e-01
6.500000000000000000e+01 1.000000000000000000e+00 2.360000000000000122e-09 1.920000000000000040e-01 1.700000000000000122e-01
2.204000000000000057e+02 0.000000000000000000e+00 6.659999999999999749e-09 1.000000000000000000e+00 1.799999999999999933e-01
2.631999999999999886e+02 1.000000000000000000e+00 1.240000000000000061e-09 2.149999999999999967e-01 2.600000000000000089e-01
3.093999999999999773e+02 0.000000000000000000e+00 2.269999999999999813e-09 7.339999999999999858e-01 2.300000000000000100e-01
3.716999999999999886e+02 1.000000000000000000e+00 6.140000000000000511e-10 2.560000000000000053e-01 2.700000000000000178e-01
4.245000000000000000e+02 1.000000000000000000e+00 4.690000000000000348e-10 3.420000000000000262e-01 2.300000000000000100e-01
4.796000000000000227e+02 0.000000000000000000e+00 6.140000000000000511e-10 3.340000000000000191e-01 3.900000000000000133e-01
5.603999999999999773e+02 0.000000000000000000e+00 3.220000000000000254e-10 8.499999999999999778e-01 1.199999999999999956e-01
6.118999999999999773e+02 1.000000000000000000e+00 9.319999999999999869e-11 7.339999999999999858e-01 1.600000000000000033e-01
2.816900000000000091e+03 0.000000000000000000e+00 3.789999999999999966e-11 8.050000000000000488e-01 2.200000000000000011e-01
3.069900000000000091e+03 1.000000000000000000e+00 9.729999999999999940e-12 9.909999999999999920e-01 8.000000000000000167e-02
1.040000000000000036e+01 1.000000000000000000e+00 5.490000000000000191e-08 1.000000000000000056e-01 2.500000000000000000e-01
2.330000000000000071e+01 1.000000000000000000e+00 6.809999999999999438e-08 6.929999999999999494e-01 2.099999999999999922e-01
3.479999999999999716e+01 1.000000000000000000e+00 2.139999999999999972e-08 3.529999999999999805e-01 2.399999999999999911e-01
4.729999999999999716e+01 1.000000000000000000e+00 1.659999999999999975e-08 1.030000000000000027e+00 1.400000000000000133e-01
7.259999999999999432e+01 1.000000000000000000e+00 6.120000000000000373e-09 5.799999999999999600e-01 1.900000000000000022e-01
8.809999999999999432e+01 1.000000000000000000e+00 1.329999999999999957e-09 6.880000000000000004e-02 3.499999999999999778e-01
2.808999999999999773e+02 0.000000000000000000e+00 4.930000000000000140e-09 1.129999999999999893e+00 1.600000000000000033e-01
3.281999999999999886e+02 1.000000000000000000e+00 8.729999999999999839e-10 1.930000000000000049e-01 2.800000000000000266e-01
3.791000000000000227e+02 0.000000000000000000e+00 1.350000000000000094e-09 4.309999999999999942e-01 3.200000000000000067e-01
4.471000000000000227e+02 1.000000000000000000e+00 4.590000000000000176e-10 2.419999999999999929e-01 2.800000000000000266e-01
5.048000000000000114e+02 1.000000000000000000e+00 3.489999999999999839e-10 3.049999999999999933e-01 2.500000000000000000e-01
5.647000000000000455e+02 0.000000000000000000e+00 5.229999999999999517e-10 4.279999999999999916e-01 3.499999999999999778e-01
6.516000000000000227e+02 0.000000000000000000e+00 2.589999999999999845e-10 8.539999999999999813e-01 1.199999999999999956e-01
7.072000000000000455e+02 1.000000000000000000e+00 7.499999999999999950e-11 7.339999999999999858e-01 1.600000000000000033e-01
3.223900000000000091e+03 0.000000000000000000e+00 2.669999999999999892e-11 5.719999999999999529e-01 2.800000000000000266e-01
3.494199999999999818e+03 1.000000000000000000e+00 6.319999999999999727e-12 5.849999999999999645e-01 1.700000000000000122e-01
1.300000000000000000e+01 1.000000000000000000e+00 1.689999999999999913e-07 4.299999999999999933e-01 2.399999999999999911e-01
2.380000000000000071e+01 1.000000000000000000e+00 6.960000000000000119e-08 6.700000000000000400e-01 2.000000000000000111e-01
3.960000000000000142e+01 1.000000000000000000e+00 3.400000000000000005e-08 8.649999999999999911e-01 1.799999999999999933e-01
5.350000000000000000e+01 1.000000000000000000e+00 1.099999999999999924e-08 3.280000000000000138e-01 2.500000000000000000e-01
6.779999999999999716e+01 1.000000000000000000e+00 1.110000000000000013e-08 1.370000000000000107e+00 1.000000000000000056e-01
9.700000000000000000e+01 1.000000000000000000e+00 3.170000000000000013e-09 3.300000000000000155e-01 2.399999999999999911e-01
1.142000000000000028e+02 1.000000000000000000e+00 1.010000000000000028e-09 1.960000000000000075e-01 1.600000000000000033e-01
3.483000000000000114e+02 0.000000000000000000e+00 2.109999999999999952e-09 3.130000000000000004e-01 3.699999999999999956e-01
4.001000000000000227e+02 1.000000000000000000e+00 6.319999999999999889e-10 1.729999999999999871e-01 2.999999999999999889e-01
4.556000000000000227e+02 0.000000000000000000e+00 9.480000000000000351e-10 3.439999999999999725e-01 3.599999999999999867e-01
5.292999999999999545e+02 1.000000000000000000e+00 3.690000000000000182e-10 2.730000000000000204e-01 2.600000000000000089e-01
5.920000000000000000e+02 1.000000000000000000e+00 2.849999999999999981e-10 3.430000000000000271e-01 2.300000000000000100e-01
6.567000000000000455e+02 0.000000000000000000e+00 4.809999999999999934e-10 6.580000000000000293e-01 2.700000000000000178e-01
7.497999999999999545e+02 1.000000000000000000e+00 1.310000000000000129e-10 6.229999999999999982e-01 1.600000000000000033e-01
8.093999999999999773e+02 1.000000000000000000e+00 6.129999999999999770e-11 7.359999999999999876e-01 1.600000000000000033e-01
3.658400000000000091e+03 0.000000000000000000e+00 1.899999999999999901e-11 3.790000000000000036e-01 3.599999999999999867e-01
3.946300000000000182e+03 1.000000000000000000e+00 5.140000000000000313e-12 5.530000000000000471e-01 1.799999999999999933e-01
1.580000000000000071e+01 1.000000000000000000e+00 5.990000000000000036e-08 1.360000000000000098e-01 2.600000000000000089e-01
2.760000000000000142e+01 1.000000000000000000e+00 6.069999999999999429e-08 5.440000000000000391e-01 2.099999999999999922e-01
4.089999999999999858e+01 1.000000000000000000e+00 3.430000000000000274e-08 8.339999999999999636e-01 1.700000000000000122e-01
5.229999999999999716e+01 0.000000000000000000e+00 2.999999999999999732e-08 1.030000000000000027e+00 2.500000000000000000e-01
7.500000000000000000e+01 1.000000000000000000e+00 8.729999999999999425e-09 3.659999999999999920e-01 3.099999999999999978e-01
9.100000000000000000e+01 1.000000000000000000e+00 5.780000000000000306e-09 3.140000000000000013e-01 3.400000000000000244e-01
1.242999999999999972e+02 1.000000000000000000e+00 2.980000000000000049e-09 7.029999999999999583e-01 1.600000000000000033e-01
1.435000000000000000e+02 1.000000000000000000e+00 7.249999999999999779e-10 2.069999999999999896e-01 1.499999999999999944e-01
4.223999999999999773e+02 1.000000000000000000e+00 1.399999999999999922e-09 6.959999999999999520e-01 1.300000000000000044e-01
4.786999999999999886e+02 1.000000000000000000e+00 4.780000000000000037e-10 1.640000000000000069e-01 3.099999999999999978e-01
5.390000000000000000e+02 0.000000000000000000e+00 8.020000000000000222e-10 4.390000000000000013e-01 3.200000000000000067e-01
6.182999999999999545e+02 1.000000000000000000e+00 2.879999999999999877e-10 2.590000000000000080e-01 2.700000000000000178e-01
6.861000000000000227e+02 1.000000000000000000e+00 2.320000000000000002e-10 3.619999999999999885e-01 2.200000000000000011e-01
7.557000000000000455e+02 0.000000000000000000e+00 3.329999999999999874e-10 4.119999999999999774e-01 3.599999999999999867e-01
8.547999999999999545e+02 1.000000000000000000e+00 1.270000000000000009e-10 9.100000000000000311e-01 1.300000000000000044e-01
9.180000000000000000e+02 1.000000000000000000e+00 5.209999999999999974e-11 7.810000000000000275e-01 1.499999999999999944e-01
4.120699999999999818e+03 0.000000000000000000e+00 1.659999999999999954e-11 4.349999999999999978e-01 3.300000000000000155e-01
4.426199999999999818e+03 1.000000000000000000e+00 4.320000000000000172e-12 5.540000000000000480e-01 1.799999999999999933e-01
4.299999999999999822e+00 1.000000000000000000e+00 2.020000000000000089e-07 2.720000000000000195e-01 3.099999999999999978e-01
3.160000000000000142e+01 1.000000000000000000e+00 4.010000000000000173e-08 3.709999999999999964e-01 2.200000000000000011e-01
4.579999999999999716e+01 1.000000000000000000e+00 1.499999999999999866e-08 4.329999999999999960e-01 2.099999999999999922e-01
6.089999999999999858e+01 1.000000000000000000e+00 1.939999999999999835e-08 8.890000000000000124e-01 1.600000000000000033e-01
8.270000000000000284e+01 1.000000000000000000e+00 6.950000000000000195e-09 4.939999999999999947e-01 1.799999999999999933e-01
9.940000000000000568e+01 1.000000000000000000e+00 4.110000000000000076e-09 5.400000000000000355e-01 1.700000000000000122e-01
1.175999999999999943e+02 1.000000000000000000e+00 2.229999999999999951e-09 5.190000000000000169e-01 1.600000000000000033e-01
1.546999999999999886e+02 1.000000000000000000e+00 2.149999999999999813e-09 8.279999999999999583e-01 1.400000000000000133e-01
1.758000000000000114e+02 0.000000000000000000e+00 1.610000000000000024e-09 6.420000000000000151e-01 1.300000000000000044e-01
5.040000000000000000e+02 1.000000000000000000e+00 1.070000000000000027e-09 6.949999999999999512e-01 1.300000000000000044e-01
5.647000000000000455e+02 1.000000000000000000e+00 3.779999999999999871e-10 1.729999999999999871e-01 2.999999999999999889e-01
6.293999999999999773e+02 0.000000000000000000e+00 6.240000000000000165e-10 4.179999999999999827e-01 3.300000000000000155e-01
7.146000000000000227e+02 1.000000000000000000e+00 2.290000000000000105e-10 2.449999999999999956e-01 2.800000000000000266e-01
7.866000000000000227e+02 1.000000000000000000e+00 1.860000000000000039e-10 3.439999999999999725e-01 2.300000000000000100e-01
8.611000000000000227e+02 0.000000000000000000e+00 2.690000000000000017e-10 3.960000000000000187e-01 3.699999999999999956e-01
9.680000000000000000e+02 1.000000000000000000e+00 1.059999999999999958e-10 9.120000000000000329e-01 1.300000000000000044e-01
1.053400000000000091e+03 1.000000000000000000e+00 4.239999999999999705e-11 7.369999999999999885e-01 1.600000000000000033e-01
4.610899999999999636e+03 0.000000000000000000e+00 1.380000000000000017e-11 4.159999999999999809e-01 3.400000000000000244e-01
4.934100000000000364e+03 1.000000000000000000e+00 3.670000000000000316e-12 5.550000000000000488e-01 1.799999999999999933e-01
6.099999999999999645e+00 0.000000000000000000e+00 4.400000000000000224e-07 8.479999999999999760e-01 3.300000000000000155e-01
1.190000000000000036e+01 0.000000000000000000e+00 5.219999999999999758e-08 1.509999999999999953e-01 3.400000000000000244e-01
5.089999999999999858e+01 1.000000000000000000e+00 2.059999999999999917e-08 4.179999999999999827e-01 2.000000000000000111e-01
6.729999999999999716e+01 1.000000000000000000e+00 1.719999999999999851e-08 6.380000000000000115e-01 1.900000000000000022e-01
8.450000000000000000e+01 1.000000000000000000e+00 1.260000000000000033e-08 1.010000000000000009e+00 1.400000000000000133e-01
1.087999999999999972e+02 1.000000000000000000e+00 4.720000000000000244e-09 5.260000000000000231e-01 1.700000000000000122e-01
1.272000000000000028e+02 1.000000000000000000e+00 2.890000000000000153e-09 5.480000000000000426e-01 1.700000000000000122e-01
1.471999999999999886e+02 1.000000000000000000e+00 1.639999999999999920e-09 5.520000000000000462e-01 1.499999999999999944e-01
1.883000000000000114e+02 1.000000000000000000e+00 1.569999999999999955e-09 7.990000000000000435e-01 1.400000000000000133e-01
2.113000000000000114e+02 1.000000000000000000e+00 4.320000000000000075e-10 2.320000000000000118e-01 1.400000000000000133e-01
5.918999999999999773e+02 0.000000000000000000e+00 9.469999999999999351e-10 3.109999999999999987e-01 3.800000000000000044e-01
6.572000000000000455e+02 1.000000000000000000e+00 2.980000000000000049e-10 1.630000000000000060e-01 3.099999999999999978e-01
7.266000000000000227e+02 0.000000000000000000e+00 4.780000000000000037e-10 3.589999999999999858e-01 3.599999999999999867e-01
8.176000000000000227e+02 1.000000000000000000e+00 1.860000000000000039e-10 2.439999999999999947e-01 2.800000000000000266e-01
8.945000000000000000e+02 1.000000000000000000e+00 1.560000000000000041e-10 3.639999999999999902e-01 2.200000000000000011e-01
9.740000000000000000e+02 0.000000000000000000e+00 2.160000000000000037e-10 3.569999999999999840e-01 3.900000000000000133e-01
1.087000000000000000e+03 1.000000000000000000e+00 7.700000000000000552e-11 6.550000000000000266e-01 1.499999999999999944e-01
1.157000000000000000e+03 1.000000000000000000e+00 3.580000000000000174e-11 7.359999999999999876e-01 1.600000000000000033e-01
5.128899999999999636e+03 0.000000000000000000e+00 1.280000000000000039e-11 5.200000000000000178e-01 2.999999999999999889e-01
5.469899999999999636e+03 1.000000000000000000e+00 3.079999999999999801e-12 5.280000000000000249e-01 1.900000000000000022e-01
6.599999999999999645e+00 1.000000000000000000e+00 3.160000000000000238e-07 2.039999999999999869e-01 2.800000000000000266e-01
1.280000000000000071e+01 1.000000000000000000e+00 8.609999999999999674e-08 1.809999999999999942e-01 2.500000000000000000e-01
2.480000000000000071e+01 1.000000000000000000e+00 5.079999999999999828e-08 3.569999999999999840e-01 2.399999999999999911e-01
7.350000000000000000e+01 1.000000000000000000e+00 1.000000000000000021e-08 4.530000000000000138e-01 1.499999999999999944e-01
9.190000000000000568e+01 1.000000000000000000e+00 6.759999999999999817e-09 4.600000000000000200e-01 1.499999999999999944e-01
1.107000000000000028e+02 1.000000000000000000e+00 5.270000000000000206e-09 5.610000000000000542e-01 1.700000000000000122e-01
1.380000000000000000e+02 1.000000000000000000e+00 3.399999999999999840e-09 5.600000000000000533e-01 1.600000000000000033e-01
1.580999999999999943e+02 1.000000000000000000e+00 2.179999999999999917e-09 6.119999999999999885e-01 1.499999999999999944e-01
1.800000000000000000e+02 1.000000000000000000e+00 1.259999999999999992e-09 6.099999999999999867e-01 1.400000000000000133e-01
2.250999999999999943e+02 1.000000000000000000e+00 1.240000000000000061e-09 8.519999999999999796e-01 1.300000000000000044e-01
2.498000000000000114e+02 1.000000000000000000e+00 3.619999999999999907e-10 3.489999999999999769e-01 5.000000000000000278e-02
6.873999999999999773e+02 1.000000000000000000e+00 5.519999999999999550e-10 3.750000000000000000e-01 2.800000000000000266e-01
7.567000000000000455e+02 1.000000000000000000e+00 5.640000000000000169e-10 8.729999999999999982e-01 1.499999999999999944e-01
8.307999999999999545e+02 1.000000000000000000e+00 4.499999999999999970e-10 1.050000000000000044e+00 1.300000000000000044e-01
9.275000000000000000e+02 1.000000000000000000e+00 2.729999999999999878e-10 8.659999999999999920e-01 1.499999999999999944e-01
1.009000000000000000e+03 1.000000000000000000e+00 1.560000000000000041e-10 7.149999999999999689e-01 1.700000000000000122e-01
1.094000000000000000e+03 0.000000000000000000e+00 1.809999999999999953e-10 1.139999999999999902e+00 3.599999999999999867e-01
1.213000000000000000e+03 1.000000000000000000e+00 4.290000000000000178e-11 7.840000000000000302e-01 1.499999999999999944e-01
1.288000000000000000e+03 0.000000000000000000e+00 2.209999999999999994e-11 2.699999999999999969e-02 8.199999999999999512e-01
5.674899999999999636e+03 1.000000000000000000e+00 4.509999999999999968e-12 9.180000000000000382e-01 4.000000000000000083e-02
6.033800000000000182e+03 0.000000000000000000e+00 2.030000000000000034e-12 1.700000000000000122e-02 6.999999999999999556e-01
6.799999999999999822e+00 1.000000000000000000e+00 1.600000000000000033e-07 3.599999999999999867e-01 2.800000000000000266e-01
1.359999999999999964e+01 0.000000000000000000e+00 2.140000000000000104e-07 8.800000000000000044e-01 2.800000000000000266e-01
2.750000000000000000e+01 1.000000000000000000e+00 2.850000000000000043e-08 2.270000000000000073e-01 2.099999999999999922e-01
4.329999999999999716e+01 1.000000000000000000e+00 3.480000000000000060e-08 3.900000000000000133e-01 2.300000000000000100e-01
9.929999999999999716e+01 1.000000000000000000e+00 1.000000000000000021e-08 5.789999999999999591e-01 1.799999999999999933e-01
1.195000000000000000e+02 1.000000000000000000e+00 7.010000000000000401e-09 6.380000000000000115e-01 1.700000000000000122e-01
1.408000000000000114e+02 1.000000000000000000e+00 4.949999999999999657e-09 7.169999999999999707e-01 1.600000000000000033e-01
1.704000000000000057e+02 1.000000000000000000e+00 2.989999999999999808e-09 6.929999999999999494e-01 1.700000000000000122e-01
1.920999999999999943e+02 1.000000000000000000e+00 2.100000000000000193e-09 7.219999999999999751e-01 1.600000000000000033e-01
2.159000000000000057e+02 1.000000000000000000e+00 1.619999999999999989e-09 7.650000000000000133e-01 1.400000000000000133e-01
2.650000000000000000e+02 1.000000000000000000e+00 1.110000000000000096e-09 8.850000000000000089e-01 1.199999999999999956e-01
2.915000000000000000e+02 0.000000000000000000e+00 9.089999999999999629e-10 9.719999999999999751e-01 5.999999999999999778e-02
7.877999999999999545e+02 1.000000000000000000e+00 4.409999999999999764e-10 3.589999999999999858e-01 2.899999999999999800e-01
8.631000000000000227e+02 1.000000000000000000e+00 4.389999999999999833e-10 7.810000000000000275e-01 1.700000000000000122e-01
9.418999999999999773e+02 1.000000000000000000e+00 3.730000000000000044e-10 1.050000000000000044e+00 1.300000000000000044e-01
1.044000000000000000e+03 1.000000000000000000e+00 2.279999999999999881e-10 8.579999999999999849e-01 1.499999999999999944e-01
1.131000000000000000e+03 1.000000000000000000e+00 1.340000000000000026e-10 7.570000000000000062e-01 1.600000000000000033e-01
1.221000000000000000e+03 0.000000000000000000e+00 1.550000000000000076e-10 1.149999999999999911e+00 3.599999999999999867e-01
1.346000000000000000e+03 1.000000000000000000e+00 3.799999999999999802e-11 8.349999999999999645e-01 1.400000000000000133e-01
1.426000000000000000e+03 0.000000000000000000e+00 1.890000000000000065e-11 2.800000000000000058e-02 8.199999999999999512e-01
6.249100000000000364e+03 1.000000000000000000e+00 4.010000000000000079e-12 9.679999999999999716e-01 2.999999999999999889e-02
6.625000000000000000e+03 1.000000000000000000e+00 1.619999999999999963e-12 6.570000000000000284e-01 1.400000000000000133e-01
6.700000000000000178e+00 0.000000000000000000e+00 8.819999999999999834e-07 3.589999999999999858e-01 3.200000000000000067e-01
1.469999999999999929e+01 0.000000000000000000e+00 3.110000000000000187e-07 4.319999999999999951e-01 2.899999999999999800e-01
2.930000000000000071e+01 1.000000000000000000e+00 3.500000000000000239e-08 2.469999999999999973e-01 2.500000000000000000e-01
4.670000000000000284e+01 0.000000000000000000e+00 5.319999999999999992e-08 1.110000000000000098e+00 1.600000000000000033e-01
6.529999999999999716e+01 1.000000000000000000e+00 8.980000000000000009e-09 1.400000000000000133e-01 3.699999999999999956e-01
1.280999999999999943e+02 1.000000000000000000e+00 5.869999999999999789e-09 5.170000000000000151e-01 1.700000000000000122e-01
1.505999999999999943e+02 1.000000000000000000e+00 5.109999999999999932e-09 6.790000000000000480e-01 1.600000000000000033e-01
1.734000000000000057e+02 1.000000000000000000e+00 3.709999999999999803e-09 7.610000000000000098e-01 1.499999999999999944e-01
2.058000000000000114e+02 1.000000000000000000e+00 2.240000000000000123e-09 7.109999999999999654e-01 1.700000000000000122e-01
2.305000000000000000e+02 1.000000000000000000e+00 1.650000000000000092e-09 7.640000000000000124e-01 1.499999999999999944e-01
2.560000000000000000e+02 1.000000000000000000e+00 1.259999999999999992e-09 7.620000000000000107e-01 1.400000000000000133e-01
3.080000000000000000e+02 1.000000000000000000e+00 8.860000000000000424e-10 8.860000000000000098e-01 1.199999999999999956e-01
3.363000000000000114e+02 0.000000000000000000e+00 3.890000000000000009e-10 1.419999999999999873e-01 3.900000000000000133e-01
8.960000000000000000e+02 1.000000000000000000e+00 3.799999999999999802e-10 4.089999999999999747e-01 2.700000000000000178e-01
9.760000000000000000e+02 0.000000000000000000e+00 4.839999999999999830e-10 1.729999999999999871e-01 5.699999999999999512e-01
1.060000000000000000e+03 1.000000000000000000e+00 2.490000000000000190e-10 6.500000000000000222e-01 1.400000000000000133e-01
1.168000000000000000e+03 0.000000000000000000e+00 5.910000000000000271e-10 1.610000000000000098e+00 1.799999999999999933e-01
1.260000000000000000e+03 0.000000000000000000e+00 5.020000000000000242e-10 2.120000000000000107e+00 1.499999999999999944e-01
1.355000000000000000e+03 1.000000000000000000e+00 5.379999999999999775e-11 1.370000000000000107e-01 4.000000000000000222e-01
1.486000000000000000e+03 1.000000000000000000e+00 5.560000000000000058e-11 7.079999999999999627e-01 1.000000000000000056e-01
1.571000000000000000e+03 0.000000000000000000e+00 2.840000000000000016e-11 2.400000000000000050e-02 7.900000000000000355e-01
6.851300000000000182e+03 0.000000000000000000e+00 2.540000000000000082e-11 2.919999999999999929e+00 8.999999999999999667e-02
7.246100000000000364e+03 0.000000000000000000e+00 1.320000000000000030e-11 3.509999999999999787e+00 7.000000000000000666e-02
6.799999999999999822e+00 1.000000000000000000e+00 1.029999999999999959e-07 2.169999999999999984e-01 2.700000000000000178e-01
1.650000000000000000e+01 0.000000000000000000e+00 2.449999999999999836e-07 3.810000000000000053e-01 3.200000000000000067e-01
3.100000000000000000e+01 0.000000000000000000e+00 1.089999999999999967e-07 5.180000000000000160e-01 2.700000000000000178e-01
4.910000000000000142e+01 1.000000000000000000e+00 1.520000000000000045e-08 1.819999999999999951e-01 2.999999999999999889e-01
6.950000000000000000e+01 0.000000000000000000e+00 3.249999999999999985e-08 1.360000000000000098e+00 1.300000000000000044e-01
9.059999999999999432e+01 1.000000000000000000e+00 5.499999999999999619e-09 1.429999999999999882e-01 3.699999999999999956e-01
1.601999999999999886e+02 1.000000000000000000e+00 5.130000000000000276e-09 6.570000000000000284e-01 1.600000000000000033e-01
1.846999999999999886e+02 1.000000000000000000e+00 3.849999999999999733e-09 7.219999999999999751e-01 1.499999999999999944e-01
2.093000000000000114e+02 1.000000000000000000e+00 2.810000000000000016e-09 7.590000000000000080e-01 1.499999999999999944e-01
2.444000000000000057e+02 1.000000000000000000e+00 1.759999999999999919e-09 7.319999999999999840e-01 1.600000000000000033e-01
2.710000000000000000e+02 1.000000000000000000e+00 1.300000000000000060e-09 7.640000000000000124e-01 1.499999999999999944e-01
2.980000000000000000e+02 1.000000000000000000e+00 1.019999999999999993e-09 8.100000000000000533e-01 1.300000000000000044e-01
3.548000000000000114e+02 1.000000000000000000e+00 7.189999999999999987e-10 8.870000000000000107e-01 1.199999999999999956e-01
3.841999999999999886e+02 1.000000000000000000e+00 1.610000000000000127e-10 1.499999999999999944e-01 2.200000000000000011e-01
1.011000000000000000e+03 1.000000000000000000e+00 4.640000000000000004e-10 9.709999999999999742e-01 1.199999999999999956e-01
1.097000000000000000e+03 1.000000000000000000e+00 3.309999999999999944e-10 9.240000000000000435e-01 1.400000000000000133e-01
1.185000000000000000e+03 1.000000000000000000e+00 2.490000000000000190e-10 9.310000000000000497e-01 1.499999999999999944e-01
1.299000000000000000e+03 1.000000000000000000e+00 1.679999999999999885e-10 9.100000000000000311e-01 1.400000000000000133e-01
1.396000000000000000e+03 1.000000000000000000e+00 1.010000000000000002e-10 8.050000000000000488e-01 1.499999999999999944e-01
1.496000000000000000e+03 0.000000000000000000e+00 1.170000000000000096e-10 1.209999999999999964e+00 3.499999999999999778e-01
1.634000000000000000e+03 1.000000000000000000e+00 2.909999999999999838e-11 8.840000000000000080e-01 1.300000000000000044e-01
1.721000000000000000e+03 0.000000000000000000e+00 1.450000000000000001e-11 3.500000000000000333e-02 8.000000000000000444e-01
7.482000000000000000e+03 1.000000000000000000e+00 3.070000000000000045e-12 9.669999999999999707e-01 2.999999999999999889e-02
7.894800000000000182e+03 1.000000000000000000e+00 1.460000000000000039e-12 1.829999999999999960e-01 3.900000000000000133e-01
7.400000000000000355e+00 1.000000000000000000e+00 8.559999999999999888e-08 1.320000000000000062e-01 2.600000000000000089e-01
1.559999999999999964e+01 0.000000000000000000e+00 1.179999999999999978e-07 3.589999999999999858e-01 1.900000000000000022e-01
3.370000000000000284e+01 0.000000000000000000e+00 8.539999999999999709e-08 3.970000000000000195e-01 3.200000000000000067e-01
5.120000000000000284e+01 1.000000000000000000e+00 1.799999999999999905e-08 2.720000000000000195e-01 1.799999999999999933e-01
7.240000000000000568e+01 1.000000000000000000e+00 8.220000000000000152e-09 1.610000000000000042e-01 3.200000000000000067e-01
9.500000000000000000e+01 0.000000000000000000e+00 2.150000000000000062e-08 1.540000000000000036e+00 1.100000000000000006e-01
1.192999999999999972e+02 1.000000000000000000e+00 3.650000000000000010e-09 1.469999999999999918e-01 3.699999999999999956e-01
1.945000000000000000e+02 1.000000000000000000e+00 3.909999999999999940e-09 6.989999999999999547e-01 1.499999999999999944e-01
2.218000000000000114e+02 1.000000000000000000e+00 2.919999999999999843e-09 7.189999999999999725e-01 1.499999999999999944e-01
2.483000000000000114e+02 1.000000000000000000e+00 2.229999999999999951e-09 8.060000000000000497e-01 1.400000000000000133e-01
2.860000000000000000e+02 1.000000000000000000e+00 1.389999999999999956e-09 7.349999999999999867e-01 1.600000000000000033e-01
3.143999999999999773e+02 1.000000000000000000e+00 1.039999999999999924e-09 7.610000000000000098e-01 1.499999999999999944e-01
3.436000000000000227e+02 1.000000000000000000e+00 8.280000000000000359e-10 8.090000000000000524e-01 1.300000000000000044e-01
4.030000000000000000e+02 1.000000000000000000e+00 5.600000000000000307e-10 7.870000000000000329e-01 1.400000000000000133e-01
4.351999999999999886e+02 1.000000000000000000e+00 1.519999999999999921e-10 2.989999999999999880e-01 8.000000000000000167e-02
1.133000000000000000e+03 1.000000000000000000e+00 4.030000000000000042e-10 1.040000000000000036e+00 1.100000000000000006e-01
1.244000000000000000e+03 1.000000000000000000e+00 2.739999999999999844e-10 9.230000000000000426e-01 1.400000000000000133e-01
1.317000000000000000e+03 1.000000000000000000e+00 2.179999999999999968e-10 9.899999999999999911e-01 1.400000000000000133e-01
1.437000000000000000e+03 1.000000000000000000e+00 1.490000000000000025e-10 9.679999999999999716e-01 1.300000000000000044e-01
1.539000000000000000e+03 1.000000000000000000e+00 8.699999999999999684e-11 8.020000000000000462e-01 1.499999999999999944e-01
1.644000000000000000e+03 0.000000000000000000e+00 1.019999999999999967e-10 1.219999999999999973e+00 3.499999999999999778e-01
1.788000000000000000e+03 1.000000000000000000e+00 2.540000000000000082e-11 8.830000000000000071e-01 1.300000000000000044e-01
1.880000000000000000e+03 0.000000000000000000e+00 1.280000000000000039e-11 3.300000000000000155e-02 8.100000000000000533e-01
8.141000000000000000e+03 1.000000000000000000e+00 2.770000000000000112e-12 1.010000000000000009e+00 2.000000000000000042e-02
8.571899999999999636e+03 1.000000000000000000e+00 1.320000000000000030e-12 2.190000000000000002e-01 3.699999999999999956e-01
7.900000000000000355e+00 0.000000000000000000e+00 2.519999999999999801e-07 7.009999999999999565e-01 2.500000000000000000e-01
1.619999999999999929e+01 1.000000000000000000e+00 2.209999999999999937e-08 3.300000000000000155e-02 4.500000000000000111e-01
3.060000000000000142e+01 0.000000000000000000e+00 4.100000000000000317e-08 3.659999999999999920e-01 1.700000000000000122e-01
5.479999999999999716e+01 0.000000000000000000e+00 3.529999999999999846e-08 2.429999999999999938e-01 3.900000000000000133e-01
7.500000000000000000e+01 1.000000000000000000e+00 1.040000000000000048e-08 2.849999999999999756e-01 1.700000000000000122e-01
9.900000000000000000e+01 1.000000000000000000e+00 1.229999999999999930e-08 4.109999999999999765e-01 2.099999999999999922e-01
1.250000000000000000e+02 1.000000000000000000e+00 9.469999999999999765e-09 4.580000000000000182e-01 2.099999999999999922e-01
1.510999999999999943e+02 1.000000000000000000e+00 4.709999999999999658e-09 2.800000000000000266e-01 2.800000000000000266e-01
2.335999999999999943e+02 1.000000000000000000e+00 3.019999999999999911e-09 6.969999999999999529e-01 1.499999999999999944e-01
2.621000000000000227e+02 1.000000000000000000e+00 2.340000000000000191e-09 7.640000000000000124e-01 1.400000000000000133e-01
2.900000000000000000e+02 1.000000000000000000e+00 1.759999999999999919e-09 8.050000000000000488e-01 1.400000000000000133e-01
3.310000000000000000e+02 1.000000000000000000e+00 1.139999999999999992e-09 7.730000000000000204e-01 1.499999999999999944e-01
3.610000000000000000e+02 1.000000000000000000e+00 8.660000000000000080e-10 8.050000000000000488e-01 1.400000000000000133e-01
3.920000000000000000e+02 1.000000000000000000e+00 6.609999999999999922e-10 7.620000000000000107e-01 1.400000000000000133e-01
4.570000000000000000e+02 1.000000000000000000e+00 4.409999999999999764e-10 6.979999999999999538e-01 1.600000000000000033e-01
4.893000000000000114e+02 1.000000000000000000e+00 1.180000000000000061e-10 2.109999999999999931e-01 1.499999999999999944e-01
1.262000000000000000e+03 1.000000000000000000e+00 3.609999999999999942e-10 1.159999999999999920e+00 8.999999999999999667e-02
1.360000000000000000e+03 1.000000000000000000e+00 2.449999999999999811e-10 9.779999999999999805e-01 1.300000000000000044e-01
1.470000000000000000e+03 1.000000000000000000e+00 1.870000000000000005e-10 9.879999999999999893e-01 1.400000000000000133e-01
1.582000000000000000e+03 1.000000000000000000e+00 1.330000000000000060e-10 1.030000000000000027e+00 1.199999999999999956e-01
1.690000000000000000e+03 1.000000000000000000e+00 7.839999999999999552e-11 8.479999999999999760e-01 1.400000000000000133e-01
1.800000000000000000e+03 0.000000000000000000e+00 8.900000000000000285e-11 1.199999999999999956e+00 3.499999999999999778e-01
1.960000000000000000e+03 1.000000000000000000e+00 2.289999999999999976e-11 9.360000000000000542e-01 1.199999999999999956e-01
2.046000000000000000e+03 0.000000000000000000e+00 1.120000000000000074e-11 3.400000000000000244e-02 8.100000000000000533e-01
8.828000000000000000e+03 1.000000000000000000e+00 2.460000000000000019e-12 1.020000000000000018e+00 2.000000000000000042e-02
9.277700000000000728e+03 1.000000000000000000e+00 9.789999999999999684e-13 6.640000000000000346e-01 1.400000000000000133e-01
7.900000000000000355e+00 1.000000000000000000e+00 8.889999999999999534e-08 1.270000000000000018e-01 2.399999999999999911e-01
1.710000000000000142e+01 1.000000000000000000e+00 5.650000000000000300e-08 1.940000000000000058e-01 2.300000000000000100e-01
3.350000000000000000e+01 1.000000000000000000e+00 3.060000000000000269e-08 2.010000000000000120e-01 2.200000000000000011e-01
5.129999999999999716e+01 0.000000000000000000e+00 2.270000000000000143e-08 5.739999999999999547e-01 1.000000000000000056e-01
7.950000000000000000e+01 0.000000000000000000e+00 1.930000000000000077e-08 1.950000000000000067e-01 4.199999999999999845e-01
1.020000000000000000e+02 0.000000000000000000e+00 1.269999999999999957e-08 1.260000000000000009e-01 4.699999999999999734e-01
1.290000000000000000e+02 1.000000000000000000e+00 3.580000000000000045e-09 1.940000000000000058e-01 2.899999999999999800e-01
1.580000000000000000e+02 0.000000000000000000e+00 1.170000000000000054e-08 1.979999999999999982e+00 7.000000000000000666e-02
1.860999999999999943e+02 1.000000000000000000e+00 1.780000000000000057e-09 1.120000000000000023e-01 4.199999999999999845e-01
2.750000000000000000e+02 1.000000000000000000e+00 2.410000000000000156e-09 7.389999999999999902e-01 1.400000000000000133e-01
3.050000000000000000e+02 1.000000000000000000e+00 1.859999999999999988e-09 7.620000000000000107e-01 1.400000000000000133e-01
3.360000000000000000e+02 1.000000000000000000e+00 1.410000000000000094e-09 8.040000000000000480e-01 1.400000000000000133e-01
3.790000000000000000e+02 1.000000000000000000e+00 9.540000000000000143e-10 8.129999999999999449e-01 1.400000000000000133e-01
4.110000000000000000e+02 1.000000000000000000e+00 7.120000000000000228e-10 8.030000000000000471e-01 1.400000000000000133e-01
4.440000000000000000e+02 1.000000000000000000e+00 5.340000000000000171e-10 7.179999999999999716e-01 1.499999999999999944e-01
5.120000000000000000e+02 1.000000000000000000e+00 3.619999999999999907e-10 6.580000000000000293e-01 1.700000000000000122e-01
5.466000000000000227e+02 1.000000000000000000e+00 1.049999999999999993e-10 2.520000000000000018e-01 1.199999999999999956e-01
1.397000000000000000e+03 1.000000000000000000e+00 3.100000000000000152e-10 1.169999999999999929e+00 8.999999999999999667e-02
1.486000000000000000e+03 1.000000000000000000e+00 1.560000000000000041e-10 5.719999999999999529e-01 1.499999999999999944e-01
1.603000000000000000e+03 1.000000000000000000e+00 1.320000000000000095e-10 6.820000000000000506e-01 1.300000000000000044e-01
1.735000000000000000e+03 1.000000000000000000e+00 9.079999999999999922e-11 5.110000000000000098e-01 1.700000000000000122e-01
1.846000000000000000e+03 0.000000000000000000e+00 3.449999999999999977e-10 2.839999999999999858e+00 1.100000000000000006e-01
1.962000000000000000e+03 1.000000000000000000e+00 5.010000000000000018e-11 7.139999999999999680e-01 1.100000000000000006e-01
2.119000000000000000e+03 1.000000000000000000e+00 1.919999999999999897e-11 1.170000000000000068e-01 4.199999999999999845e-01
2.219000000000000000e+03 1.000000000000000000e+00 1.950000000000000052e-11 1.199999999999999956e+00 0.000000000000000000e+00
9.544000000000000000e+03 0.000000000000000000e+00 1.679999999999999950e-11 3.520000000000000018e+00 5.000000000000000278e-02
1.001210000000000036e+04 1.000000000000000000e+00 1.450000000000000082e-12 6.350000000000000089e-01 1.499999999999999944e-01
7.599999999999999645e+00 0.000000000000000000e+00 1.650000000000000084e-07 4.520000000000000129e-01 2.800000000000000266e-01
1.819999999999999929e+01 0.000000000000000000e+00 8.419999999999999958e-08 6.189999999999999947e-01 1.600000000000000033e-01
3.529999999999999716e+01 1.000000000000000000e+00 1.890000000000000049e-08 2.200000000000000011e-01 2.099999999999999922e-01
5.489999999999999858e+01 1.000000000000000000e+00 1.480000000000000018e-08 2.159999999999999976e-01 2.099999999999999922e-01
7.600000000000000000e+01 0.000000000000000000e+00 1.130000000000000027e-08 5.180000000000000160e-01 8.999999999999999667e-02
1.080000000000000000e+02 0.000000000000000000e+00 1.159999999999999965e-08 1.849999999999999978e-01 4.400000000000000022e-01
1.330000000000000000e+02 0.000000000000000000e+00 8.680000000000000632e-09 1.380000000000000115e-01 4.600000000000000200e-01
1.620000000000000000e+02 1.000000000000000000e+00 2.450000000000000018e-09 1.630000000000000060e-01 3.200000000000000067e-01
1.930000000000000000e+02 0.000000000000000000e+00 9.240000000000000352e-09 2.250000000000000000e+00 5.000000000000000278e-02
2.250000000000000000e+02 0.000000000000000000e+00 2.410000000000000156e-09 2.699999999999999969e-02 7.900000000000000355e-01
3.210000000000000000e+02 1.000000000000000000e+00 1.919999999999999987e-09 7.379999999999999893e-01 1.400000000000000133e-01
3.520000000000000000e+02 1.000000000000000000e+00 1.499999999999999990e-09 7.610000000000000098e-01 1.400000000000000133e-01
3.840000000000000000e+02 1.000000000000000000e+00 1.159999999999999923e-09 8.030000000000000471e-01 1.400000000000000133e-01
4.300000000000000000e+02 1.000000000000000000e+00 8.080000000000000015e-10 8.559999999999999831e-01 1.300000000000000044e-01
4.640000000000000000e+02 1.000000000000000000e+00 6.089999999999999649e-10 8.499999999999999778e-01 1.300000000000000044e-01
4.990000000000000000e+02 1.000000000000000000e+00 4.480000000000000039e-10 7.179999999999999716e-01 1.499999999999999944e-01
5.712999999999999545e+02 1.000000000000000000e+00 2.999999999999999980e-10 6.219999999999999973e-01 1.799999999999999933e-01
6.070000000000000000e+02 1.000000000000000000e+00 7.899999999999999861e-11 1.600000000000000033e-01 1.900000000000000022e-01
1.541000000000000000e+03 1.000000000000000000e+00 2.780000000000000223e-10 1.250000000000000000e+00 8.000000000000000167e-02
1.648000000000000000e+03 1.000000000000000000e+00 1.920000000000000091e-10 1.040000000000000036e+00 1.199999999999999956e-01
1.756000000000000000e+03 1.000000000000000000e+00 1.509999999999999955e-10 1.110000000000000098e+00 1.199999999999999956e-01
1.894000000000000000e+03 1.000000000000000000e+00 1.049999999999999993e-10 1.090000000000000080e+00 1.100000000000000006e-01
2.011000000000000000e+03 1.000000000000000000e+00 6.040000000000000597e-11 8.489999999999999769e-01 1.400000000000000133e-01
2.131000000000000000e+03 0.000000000000000000e+00 6.909999999999999920e-11 1.209999999999999964e+00 3.499999999999999778e-01
2.295000000000000000e+03 1.000000000000000000e+00 1.839999999999999915e-11 9.909999999999999920e-01 1.100000000000000006e-01
2.399000000000000000e+03 0.000000000000000000e+00 9.030000000000000095e-12 4.200000000000000261e-02 7.900000000000000355e-01
1.029000000000000000e+04 1.000000000000000000e+00 2.609999999999999986e-12 5.679999999999999494e-01 1.600000000000000033e-01
1.077529999999999927e+04 1.000000000000000000e+00 1.389999999999999934e-12 7.289999999999999813e-01 1.300000000000000044e-01
