      52
  0.000000E+00
  1.000000E+06
  1.258925E+06
  1.584892E+06
  1.995263E+06
  2.511887E+06
  3.162278E+06
  3.981071E+06
  5.011870E+06
  6.309576E+06
  7.943284E+06
  1.000000E+07
  1.258925E+07
  1.584892E+07
  1.995263E+07
  2.511887E+07
  3.162278E+07
  3.981071E+07
  5.011870E+07
  6.309576E+07
  7.943284E+07
  1.000000E+08
  1.258927E+08
  1.584892E+08
  1.995263E+08
  2.511884E+08
  3.162278E+08
  3.981075E+08
  5.011870E+08
  6.309576E+08
  7.943275E+08
  1.000000E+09
  1.258927E+09
  1.584892E+09
  1.995263E+09
  2.511884E+09
  3.162278E+09
  3.981075E+09
  5.011870E+09
  6.309576E+09
  7.943275E+09
  1.000000E+10
  1.258927E+10
  1.584896E+10
  1.995263E+10
  2.511884E+10
  3.162278E+10
  3.981075E+10
  5.011881E+10
  6.309576E+10
  7.943275E+10
  1.000000E+11
